image: TB3_WORLD.pgm
resolution: 0.050000
origin: [-2.000000, -0.500000, 0.000000]
negate: 0
occupied_thresh: 0.65
free_thresh: 0.196

